JASON-3                 
1 41240U 16002A   23108.90926153 -.00000007  00000+0  23537-3 0  9999
2 41240  66.0446  14.6363 0007773 273.9273  86.0853 12.80929012339031

SARAL                   
1 39086U 13009A   23108.85575078  .00000306  00000+0  12967-3 0  9994
2 39086  98.5484 295.0086 0003004  97.9407 262.2117 14.32176573530197

SENTINEL-3A             
1 41335U 16011A   23108.89696592  .00000298  00000+0  14129-3 0  9991
2 41335  98.6252 176.8108 0001106 106.0949 254.0353 14.26738344373320

SENTINEL-3B             
1 43437U 18039A   23108.72946397  .00000299  00000+0  14168-3 0  9995
2 43437  98.6315 176.6623 0001377  90.1168 270.0170 14.26737484259367

HAIYANG-2B              
1 43655U 18081A   23108.69197696  .00000019  00000+0  61108-4 0  9997
2 43655  99.3425 118.2048 0001910  88.3232 271.8135 13.79300729225634

CFOSAT                  
1 43662U 18083A   23108.80549916  .00007087  00000+0  36635-3 0  9994
2 43662  97.4012 129.4414 0002258 332.3901 132.3962 15.16568628247433

CRYOSAT 2               
1 36508U 10013A   23108.84456456  .00000434  00000+0  10705-3 0  9999
2 36508  92.0273 358.0703 0001969 317.9192  42.1863 14.51906502690440

SENTINEL-6              
1 46984U 20086A   23108.09320468 -.00000061  00000+0  00000+0 0  9999
2 46984  66.0467  16.2799 0008056 265.3293  94.6795 12.80930655112389

